1631141.764
1742295.469
1742362.474
1626941.468
1626924.927
1632728.75
1740295.071
1633442.966
1742319.328
1632471.213
1633044.261
1631141.137
1626931.201
1630715.197
1630808.306
1630878.738
1633358.787
1634742.86
1638795.571
1626330.744
1630758.549
1631059.618
1631084.656
1630968.676
1631036.053
1632731.258
1633436.077
1633431.69
1633425.432
1633533.603
1633331.805
1634727.173
1635144.614
1638802.404
1639456.175
1642011.715
1644276.762
1626933.71
1630725.247
1630720.872
1630725.864
1630813.935
1630759.79
1631084.032
1631085.896
1631086.524
1631027.89
1630995.587
1630937.367
1631014.117
1632724.351
1633532.369
1633507.655
1633540.401
1633522.486
1633372.592
1633405.853
1633936.216
1633947.509
1634732.197
1636480.01
1636451.86
1637629.641
1637620.403
1638821.479
1638794.951
1638911.195
1643663.847
1644334.517
1644286.178
1626934.963
1630727.721
1630737.000
1630735.765
1631110.407
1631075.918
1630869.824
1631702.918
1631075.662
1631074.415
1631061.335
1631050.134
1630937.996
1630900.296
1631013.491
1631064.84
1632469.959
1633031.843
1633047.767
1633445.476
1633424.804
1633428.56
1633429.186
1633505.799
1633591.7
1633546.574
1633535.455
1633552.134
1633590.464
1633530.517
1633532.986
1633325.737
1633333.689
1633370.083
1633405.227
1633395.812
1633346.864
1633393.302
1633948.136
1634728.431
1637016.222
1638811.413
1638804.885
1638794.33
1643661.403
1643662.627
1670177.65
1630734.526
1630795.799
1630959.214
1630811.343
1631132.359
1631057.107
1631077.172
1631115.424
1631132.986
1631076.545
1631083.411
1631073.608
1631069.482
1631082.171
1631047.03
1631029.205
1630969.301
1630946.757
1630968.051
1630973.062
1630993.079
1630929.855
1630993.708
1630948.636
1630939.875
1631075.931
1631087.069
1631081.108
1631017.88
1631079.86
1632723.723
1632724.979
1633041.936
1633427.935
1633431.065
1633441.716
1633539.167
1633508.895
1633583.046
1633506.418
1633537.932
1633547.808
1633534.838
1633544.105
1633511.366
1633324.902
1633364.433
1633402.086
1633390.168
1633352.508
1633376.36
1633366.945
1633373.847
1633366.318
1633370.711
1633343.097
1633399.578
1633402.714
1633328.671
1635191.425
1636480.011
1636450.607
1636411.683
1637014.921
1637021.829
1637624.695
1637622.803
1637627.307
1637580.246
1637621.657
1638808.902
1638815.176
1638796.812
1638803.644
1640034.194
1640633.548
1643240.229
1643069.252
1645142.882
1646777.284
1670188.752
1670183.201
1630733.908
1630722.107
1630736.382
1630721.49
1630797.676
1630771.589
1630777.178
1631056.479
1631058.364
1631135.494
1631057.738
1630890.629
1630876.859
1631080.143
1631075.042
1631072.98
1631068.862
1631071.96
1631068.242
1631070.122
1631078.776
1631043.288
1631030.505
1631070.997
1631077.534
1631076.286
1631079.524
1631076.91
1631082.791
1631003.102
1630998.09
1630941.751
1631000.593
1630984.331
1631001.847
1630946.132
1630929.231
1630988.706
1631280.395
1631087.691
1631085.83
1631083.357
1631086.104
1631071.099
1631038.555
1631050.443
1631040.432
1631042.935
1631046.686
1631047.315
1631041.684
1631023.524
1631019.761
1631057.331
1631084.855
1632121.708
1632340.564
1632252.683
1632725.61
1632726.237
1632727.496
1633043.64
1633043.19
1633036.499
1633439.208
1633436.702
1633429.81
1633441.087
1633432.319
1633433.569
1633529.899
1633520.015
1633507.037
1633536.077
1633563.258
1633383.267
1633356.273
1633379.501
1633378.874
1633350.628
1633325.53
1633361.296
1633368.199
1633375.105
1633365.691
1633348.119
1633323.647
1633342.47
1633338.709
1634764.42
1634734.078
1634735.959
1634740.348
1634732.824
1635142.988
1636562.728
1636503.145
1636481.258
1636504.396
1636497.52
1636410.442
1637181.157
1637023.085
1637084.378
1637094.317
1637083.758
1637162.037
1637022.455
1637277.147
1637262.757
1637621.03
1638204.161
1638218.882
1638828.999
1638814.549
1638799.296
1638801.16
1638913.675
1638910.575
1639464.936
1642629.898
1642626.785
1642455.039
1643068.627
1643064.901
1643059.99
1646779.781
1646775.41
1743959.255
1632923.661
1621694.321
1630726.223
1630715.664
1630714.569
1630729.576
1630735.143
1630719.632
1630719.014
1630693.635
1630718.396
1630733.29
1630717.159
1631001.238
1630764.137
1630762.273
1630812.584
1630808.859
1630811.963
1630809.483
1630810.723
1630761.032
1630810.103
1630763.516
1630806.377
1630806.998
1630808.238
1630807.618
1630757.924
1630757.303
1630762.894
1630770.348
1630768.486
1630759.17
1631130.477
1631136.748
1631126.715
1631119.815
1631139.883
1631113.542
1631119.188
1631114.169
1631055.852
1631129.85
1631099.746
1631137.375
1631136.121
1631131.731
1630859.89
1631727.631
1631734.441
1631080.771
1631081.543
1631032.393
1631085.276
1631037.236
1631031.749
1631039.923
1631033.093
1631058.853
1631078.157
1630947.302
1630997.466
1630994.958
1630938.621
1630958.655
1630999.968
1630998.715
1630996.837
1630942.376
1630999.344
1630941.126
1630994.333
1630971.811
1630970.555
1630972.436
1630971.181
1630940.501
1630931.105
1630991.83
1630974.317
1631002.473
1630944.253
1630943.629
1630984.96
1630969.93
1630987.458
1630985.584
1631003.727
1630939.246
1630982.455
1630959.28
1630930.48
1630973.692
1630931.73
1630988.083
1630983.083
1630974.942
1630996.212
1630986.835
1630986.207
1630947.382
1630979.952
1630992.454
1630983.707
1630844.567
1631077.167
1631079.642
1631082.118
1631082.735
1631024.15
1631051.071
1631074.229
1631076.732
1631068.596
1631066.719
1631060.461
1631052.321
1631070.474
1631085.479
1631062.338
1631030.415
1631052.95
1631063.587
1631054.2
1631054.829
1631077.36
1631077.984
1631078.608
1631079.236
1631069.85
1631031.04
1631080.484
1631055.453
1631069.221
1631075.483
1631061.71
1631062.962
1631072.976
1631067.343
1631035.423
1631086.728
1631084.231
1631074.854
1631082.981
1631082.356
1631034.798
1631015.999
1631026.03
1631015.373
1631029.161
1631027.91
1631012.235
1631016.625
1631037.93
1631024.779
1631022.27
1631049.818
1631047.94
1631011.609
1631093.618
1631032.919
1631021.644
1631025.404
1631094.243
1631028.536
1631034.173
1631091.739
1631039.807
1631042.309
1631012.861
1631027.284
1631009.724
1631017.254
1631091.114
1631014.743
1631019.136
1631039.181
1631021.018
1631032.294
1631031.665
1631018.506
1631089.859
1631033.544
1631043.56
1631089.235
1631092.993
1631026.659
1631037.304
1631092.364
1631090.485
1631022.899
1631010.352
1631044.811
1631010.979
1631046.061
1631020.387
1631088.606
1631045.436
1631048.565
1631049.194
1631087.981
1631059.208
1631094.872
1631059.832
1631041.058
1631036.678
1631044.186
1631087.357
1631067.972
1631056.078
1631058.584
1631051.696
1631061.085
1631064.216
1631072.351
1631065.465
1631029.786
1631073.604
1631071.727
1631056.707
1631057.956
1631076.107
1631066.094
1631083.606
1631053.575
1632121.089
1632123.567
1632133.116
1632342.032
1632241.398
1632470.586
1632398.405
1632394.636
1632729.377
1632726.869
1632730.004
1632730.631
1632728.123
1633034.948
1633038.054
1633034.496
1632967.563
1633443.596
1633438.582
1633437.328
1633439.837
1633435.448
1633430.44
1633434.823
1633426.684
1633440.462
1633427.309
1633444.221
1633434.198
1633432.944
1633437.957
1633426.058
1633444.847
1633442.341
1633549.044
1633583.663
1633531.134
1633517.546
1633516.929
1633508.272
1633584.28
1633520.633
1633518.781
1633538.549
1633527.427
1633565.731
1633566.348
1633566.965
1633572.531
1633519.398
1633545.956
1633581.807
1633587.372
1633565.11
1633515.695
1633553.986
1633584.898
1633515.078
1633526.81
1633528.665
1633531.751
1633523.103
1633548.426
1633516.312
1633540.147
1633512.946
1633509.831
1633526.601
1633509.207
1633513.57
1633516.052
1633524.117
1633380.755
1633380.128
1633332.432
1633337.451
1633397.693
1633404.596
1633400.832
1633335.57
1633331.178
1633403.341
1633403.969
1633371.965
1633377.616
1633373.219
1633339.962
1633391.421
1633369.457
1633390.794
1633388.91
1633385.774
1633383.894
1633392.048
1633371.338
1633360.669
1633333.063
1633382.636
1633353.766
1633401.459
1633347.491
1633398.947
1633408.362
1633398.32
1633389.537
1633336.824
1633338.078
1633339.335
1633341.843
1633356.9
1633396.439
1633386.401
1633345.61
1633367.572
1633381.382
1633326.785
1633376.987
1633355.646
1633355.019
1633354.392
1633374.478
1633350.001
1633392.675
1633407.108
1633340.589
1633359.414
1633351.881
1633361.924
1633368.826
1633330.551
1633378.247
1633353.135
1633387.656
1633344.983
1633349.374
1633328.044
1633409.617
1633365.06
1633407.735
1633324.275
1633363.805
1633408.989
1633329.924
1633406.48
1633363.178
1633334.316
1633341.216
1633382.009
1633385.148
1633393.929
1633394.557
1633360.042
1633375.732
1633395.185
1633384.521
1633397.066
1633387.028
1633388.283
1633410.244
1633343.725
1633336.197
1633346.237
1633344.356
1633348.746
1633351.254
1633334.943
1633326.157
1633327.413
1633329.298
1633362.551
1633400.205
1634161.029
1634112.089
1633939.352
1633935.589
1633936.844
1633958.174
1633937.471
1634678.89
1634648.967
1634652.691
1634653.93
1634654.55
1634649.586
1634554.326
1634553.699
1634730.312
1634733.451
1634737.213
1634727.8
1634740.98
1634745.998
1634734.705
1634725.292
1634730.943
1634729.058
1634744.118
1634746.624
1634745.371
1634725.919
1634744.744
1634736.586
1634724.665
1634729.685
1634731.57
1634742.234
1634634.815
1634635.441
1635370.699
1635192.891
1635145.495
1636072.509
1636599.277
1636596.137
1636596.765
1636599.905
1636593
1636598.65
1636592.373
1636563.972
1636486.195
1636488.668
1636486.817
1636493.62
1636481.252
1636489.286
1636487.434
1636491.143
1636490.526
1636485.578
1636478.772
1636495.646
1636496.27
1636480.634
1636479.383
1636500.646
1636501.269
1636501.893
1636451.235
1636498.144
1636500.018
1636496.897
1636502.521
1636503.768
1636499.394
1636452.484
1636494.395
1636495.023
1636498.771
1636406.984
1636414.518
1636421.424
1636413.891
1636420.17
1636423.936
1636416.399
1636412.009
1636420.797
1636419.539
1636418.907
1636423.305
1636409.501
1636422.678
1636422.051
1636411.382
1636418.28
1636416.63
1636412.921
1636413.539
1636414.774
1637183.624
1637189.186
1637182.39
1637187.947
1637176.83
1637189.804
1637181.774
1637179.919
1637188.569
1637180.536
1637186.713
1637186.092
1637187.33
1637179.302
1637178.068
1637177.451
1637184.241
1637178.685
1637185.475
1637184.858
1637183.007
1637017.431
1637014.291
1637016.804
1637011.157
1637166.43
1637025.544
1637023.072
1637671.583
1637661.027
1637623.456
1637631.801
1637626.547
1637621.569
1637619.35
1637620.159
1637620.776
1637625.93
1637625.312
1637624.073
1637627.168
1637628.402
1637622.186
1637630.258
1637629.02
1637627.785
1637625.426
1637624.799
1637615.384
1637619.776
1637619.15
1637658.889
1637624.172
1637626.68
1637628.331
1637626.053
1637622.288
1637622.914
1637623.546
1637582.986
1637583.611
1637584.237
1637586.745
1637585.491
1637584.866
1638201.062
1638198.575
1638197.335
1638202.921
1638196.09
1638194.85
1638192.366
1638192.99
1638194.23
1638203.541
1638193.61
1638197.955
1638200.442
1638195.47
1638199.199
1638191.746
1638199.819
1638204.781
1638196.711
1638220.136
1638220.763
1638825.866
1638818.345
1638820.854
1638826.496
1638813.294
1638818.942
1638808.275
1638806.392
1638812.667
1638813.922
1638807.019
1638817.688
1638818.315
1638810.784
1638816.434
1638807.647
1638815.807
1638805.76
1638812.04
1638817.061
1638800.54
1638797.432
1638803.024
1638801.784
1638805.509
1638830.348
1638829.105
1638831.587
1638806.132
1638830.967
1638793.707
1638799.92
1638804.264
1638798.056
1638796.192
1638798.676
1638909.955
1638917.396
1638918.016
1638913.055
1638914.295
1638915.536
1638914.916
1638908.708
1638908.084
1638906.836
1638907.46
1638909.332
1638912.435
1638911.815
1638916.776
1638918.64
1638916.156
1638974.535
1638970.111
1639451.479
1639452.104
1639463.056
1639459.299
1639459.928
1639458.674
1639460.553
1639461.177
1639452.729
1639450.85
1639449.6
1639458.049
1639462.431
1639461.806
1640028.703
1640024.852
1640017.996
1640019.242
1640020.482
1640030.539
1640019.862
1641199.904
1640637.299
1640645.58
1640590.013
1640632.924
1640636.674
1640634.173
1640636.05
1640632.299
1640650.27
1640634.797
1640635.422
1642630.518
1642628.03
1642632.378
1642634.862
1642632.998
1642627.41
1642631.138
1642629.274
1642633.618
1642635.482
1642626.165
1642460.045
1642455.663
1642453.164
1642452.541
1642451.29
1642448.79
1642450.038
1642459.417
1642458.792
1642456.291
1642449.414
1642456.915
1642454.416
1643666.287
1643668.117
1643669.942
1643680.937
1643679.715
1643665.068
1643666.9
1643662.013
1643669.334
1643671.159
1643668.725
1643671.773
1643065.525
1643069.278
1643076.946
1643078.2
1643073.187
1643077.573
1643074.44
1643070.532
1643073.813
1643075.066
1643069.905
1643076.319
1643078.826
1643056.964
1643062.591
1643055.715
1643065.093
1643063.844
1643057.588
1643060.093
1643060.716
1643058.841
1643063.215
1643054.465
1643055.09
1643064.468
1643053.84
1643065.721
1643059.466
1643061.34
1643754.914
1643753.69
1644875.9
1644865.865
1644866.492
1644867.119
1644864.613
1644397.212
1645125.869
1645122.733
1646863.274
1645577.455
1645648.095
1646778.531
1646776.657
1646779.158
1646777.907
1646711.162
1646244.67
1646116.344
1646060.915
1646268.646
1646268.026
1743958.63
