1670188.752
1670183.201
1630715.197
1630733.908	
1630736.382
1630797.676
1630959.214
1630869.824
1630890.629
1630878.738
1631074.415
1631080.143
1630995.587
1631280.395
1631087.069
1631085.83
1631036.053
1631013.491
1632340.564
1632252.683
1632731.258
1632728.75
1633044.261
1633041.936
1633047.767
1646777.284
1646779.781
1743959.255
1630771.589
1630758.549
1631057.107
1631056.479
1630941.751
1632471.213
1740295.071
1742295.469
1742319.328
1742362.474
1626931.201
1626933.71
1626924.927
1633442.966
1670177.65
1630813.935
1630808.306
1631141.764
1626941.468
1630812.584
1631141.137
1631089.859
1633432.319
1633426.058
1633405.853
1633328.044
1646116.344
1630757.924
1643055.090 